0.150 1.000 1.000 1.000
0.450 1.000 0.985 0.977
0.750 0.985 0.969 0.917
1.050 0.950 0.867 0.705
1.350 0.874 0.759 0.532
1.650 0.765 0.578 0.391
1.950 0.680 0.555 0.363
2.250 0.534 0.421 0.229
2.550 0.486 0.350 0.186
2.850 0.456 0.298 0.114
3.150 0.432 0.295 0.102
3.450 0.418 0.255 0.091
3.750 0.333 0.222 0.028
4.050 0.238 0.143 0.000
4.350 0.200 0.100 0.000
4.650 0.250 0.125 0.000
4.950 0.143 0.071 0.000
5.250 0.100 0.000 0.000
5.550 0.200 0.200 0.000
5.850 0.333 0.000 0.000
6.150 0.000 0.000 0.000
6.450 0.167 0.000 0.000
6.750 0.000 0.000 0.000
7.050 0.000 0.000 0.000
7.350 1.000 0.000 0.000
7.650 0.000 0.000 0.000
7.950 0.000 0.000 0.000
8.250 0.000 0.000 0.000
8.550 0.000 0.000 0.000
8.850 0.000 0.000 0.000
