0.150 1.000 1.000 0.988
0.450 1.000 0.996 0.972
0.750 0.991 0.974 0.922
1.050 0.941 0.879 0.701
1.350 0.849 0.735 0.526
1.650 0.751 0.585 0.389
1.950 0.661 0.517 0.323
2.250 0.559 0.438 0.246
2.550 0.513 0.405 0.204
2.850 0.448 0.287 0.090
3.150 0.406 0.249 0.085
3.450 0.390 0.225 0.065
3.750 0.367 0.253 0.033
4.050 0.274 0.159 0.000
4.350 0.219 0.109 0.000
4.650 0.241 0.086 0.000
4.950 0.115 0.038 0.000
5.250 0.071 0.000 0.000
5.550 0.167 0.033 0.000
5.850 0.160 0.000 0.000
6.150 0.143 0.071 0.000
6.450 0.053 0.000 0.000
6.750 0.000 0.000 0.000
7.050 0.000 0.000 0.000
7.350 0.250 0.000 0.000
7.650 0.000 0.000 0.000
7.950 0.000 0.000 0.000
8.250 0.000 0.000 0.000
8.550 0.000 0.000 0.000
8.850 0.000 0.000 0.000
