0.150 0.987 0.980 0.959
0.450 0.910 0.866 0.759
0.750 0.734 0.635 0.467
1.050 0.550 0.432 0.261
1.350 0.407 0.290 0.160
1.650 0.302 0.202 0.098
1.950 0.230 0.148 0.060
2.250 0.177 0.107 0.037
2.550 0.139 0.079 0.022
2.850 0.106 0.054 0.010
3.150 0.087 0.040 0.006
3.450 0.072 0.033 0.002
3.750 0.061 0.023 0.001
4.050 0.048 0.015 0.000
4.350 0.038 0.011 0.000
4.650 0.032 0.006 0.000
4.950 0.028 0.005 0.000
5.250 0.016 0.004 0.000
5.550 0.017 0.002 0.000
5.850 0.012 0.000 0.000
6.150 0.006 0.001 0.000
6.450 0.006 0.000 0.000
6.750 0.001 0.000 0.000
7.050 0.004 0.000 0.000
7.350 0.009 0.000 0.000
7.650 0.000 0.000 0.000
7.950 0.003 0.000 0.000
8.250 0.003 0.000 0.000
8.550 0.000 0.000 0.000
8.850 0.000 0.000 0.000
