0.92138 
0.86143 
1.74887 
1.10268 
0.72234 
1.45000 
0.85991 
11.96693 
1.35894 
1.18607 
2.84174 
1.06720 
1.51976 
2.39285 
3.36261 
0.51258 
0.16084 
1.65123 
1.71468 
4.98562 
3.63438 
0.62577 
3.92177 
3.15294 
1.66278 
1.28188 
5.52635 
1.48140 
0.25854 
2.18749 
2.37514 
1.06613 
0.53406 
2.66774 
0.93823 
3.25039 
0.78807 
1.77037 
1.48504 
1.33123 
0.48001 
2.02521 
0.92477 
1.42226 
0.97688 
2.37752 
1.42400 
3.41504 
1.82906 
1.76491 
1.85348 
2.59444 
1.13138 
5.27144 
1.35264 
5.42662 
0.80352 
1.11450 
2.65097 
3.46334 
1.00463 
0.93244 
1.22999 
0.34367 
0.65535 
0.79701 
0.74377 
1.24825 
0.98087 
3.61442 
1.77417 
1.24108 
2.71884 
0.77379 
0.31245 
1.21867 
0.56553 
0.85809 
0.82433 
1.04437 
0.82535 
1.57927 
1.50389 
3.07852 
2.22475 
1.27800 
2.68120 
1.67158 
3.32448 
1.18906 
2.38308 
2.25812 
1.75590 
2.28385 
0.83942 
0.82433 
2.09521 
1.71057 
6.97119 
1.67034 
1.95788 
2.19867 
2.03888 
1.06538 
2.98641 
0.82539 
1.37196 
5.32951 
1.65322 
4.64067 
0.51737 
1.03103 
1.64578 
1.33055 
2.02227 
1.20766 
2.75614 
1.95477 
1.65375 
1.88371 
3.31037 
1.01236 
1.39018 
1.93935 
1.84819 
1.43779 
1.36118 
4.56373 
1.42155 
3.84792 
1.64267 
1.00164 
2.38205 
1.63901 
3.66250 
1.84191 
1.98602 
2.64060 
1.92128 
1.62561 
4.40554 
2.23801 
3.99125 
2.07334 
2.02538 
0.89329 
3.61840 
1.87150 
0.25812 
3.19141 
3.21461 
0.88202 
1.52347 
1.33123 
1.23935 
1.45005 
1.96840 
2.51143 
0.89351 
1.32319 
1.85025 
1.93648 
1.89225 
0.28817 
1.63264 
2.02804 
1.92998 
1.43699 
1.17360 
2.83310 
1.59395 
0.50979 
0.59854 
2.38903 
1.69058 
1.14884 
1.37722 
1.07099 
8.31070 
3.23759 
3.93513 
1.84822 
1.44141 
1.51504 
1.71217 
0.39733 
2.66000 
1.18656 
1.16745 
1.68540 
3.66859 
1.24752 
0.79492 
1.54461 
2.72764 
2.74878 
0.81397 
2.32340 
0.66098 
3.22811 
0.65899 
6.13818 
2.25810 
2.51490 
1.24729 
1.99723 
1.76723 
2.37962 
0.67525 
0.47620 
1.92571 
3.09940 
1.33933 
0.61347 
1.05449 
4.28189 
0.62617 
2.55059 
1.62598 
1.25145 
1.74684 
0.57944 
0.43289 
1.02461 
0.45460 
0.36466 
0.92605 
1.80934 
1.20571 
0.79566 
0.87807 
1.20061 
0.66913 
1.87185 
0.87380 
1.12933 
0.70498 
0.47566 
1.89626 
1.24634 
1.76341 
1.60327 
0.76343 
1.51112 
5.01222 
2.78390 
0.72460 
1.19052 
1.96772 
1.10099 
1.28136 
1.30510 
0.64769 
0.87783 
0.78774 
0.73496 
2.39520 
1.13672 
0.77318 
4.26682 
5.17364 
1.51023 
2.25636 
2.04177 
1.30144 
0.83942 
1.77541 
1.30041 
4.04100 
2.65114 
0.53969 
0.76075 
2.55939 
1.91420 
1.24015 
1.42480 
3.75965 
0.97918 
1.93356 
2.59633 
2.18957 
1.88137 
1.76397 
2.21799 
2.08535 
2.50059 
0.46018 
1.51041 
0.90531 
1.50100 
1.85197 
0.65736 
0.72051 
1.08139 
2.09805 
1.18178 
2.36285 
0.99436 
2.10632 
4.80042 
1.77039 
4.07517 
2.91594 
3.24291 
1.10926 
2.97185 
0.86430 
0.41711 
1.12522 
0.59118 
1.27680 
1.85315 
2.19867 
3.59853 
0.71551 
2.08721 
1.34084 
1.56873 
4.71638 
2.74824 
1.22522 
2.14923 
1.47975 
0.69868 
1.49076 
1.34654 
1.09372 
2.47973 
0.82496 
2.42221 
1.80934 
1.46863 
0.86255 
2.60079 
1.79712 
1.16263 
2.78599 
2.70531 
1.66834 
1.71773 
0.73899 
4.71518 
2.23501 
1.00508 
0.68936 
3.80419 
0.71399 
2.04574 
5.29615 
1.73568 
0.56832 
2.32868 
1.90677 
2.40392 
1.55612 
9.47367 
0.87149 
4.45540 
1.16487 
1.49710 
2.66606 
0.44182 
2.00151 
1.36331 
1.97911 
3.23330 
1.40134 
2.72107 
0.93892 
2.07229 
1.66691 
1.99564 
3.17160 
1.14409 
1.53748 
3.98865 
1.71452 
6.13282 
2.07975 
2.43288 
2.01549 
1.26158 
2.64530 
0.98803 
1.32063 
1.63604 
1.63255 
0.72925 
2.04618 
4.45348 
0.86023 
1.53685 
1.97277 
1.25982 
2.55564 
1.38605 
1.01914 
1.95223 
0.95991 
1.57483 
1.15981 
1.85565 
0.84299 
3.23759 
2.35372 
0.75713 
1.31228 
0.95408 
0.28824 
1.13250 
0.71868 
1.65337 
1.57458 
2.39228 
2.79196 
1.55644 
3.08471 
1.54972 
3.19436 
1.85860 
6.02884 
1.93935 
1.60593 
1.48039 
2.18491 
2.04390 
0.87812 
1.15796 
3.99358 
1.12958 
2.06871 
1.10272 
2.30233 
3.56249 
1.22436 
2.63584 
1.29988 
0.93177 
2.06049 
1.97585 
2.00978 
1.56818 
1.08898 
0.87033 
1.62561 
2.79860 
1.44170 
1.17360 
1.70734 
2.45784 
1.87846 
3.06897 
1.99178 
1.10228 
2.06251 
0.82634 
7.33519 
2.10936 
1.32261 
0.66075 
0.94054 
1.73557 
0.89880 
1.17431 
0.53345 
1.89298 
2.30026 
1.21286 
0.89823 
2.13000 
2.99796 
3.24107 
2.22043 
2.18701 
2.32471 
2.68427 
1.33104 
5.24387 
1.28353 
3.22831 
3.29182 
0.98711 
2.64892 
0.98357 
2.03853 
3.89928 
1.75913 
0.86832 
1.01716 
1.83096 
0.68619 
1.04365 
1.65772 
0.45185 
0.93102 
1.56787 
2.92457 
3.99927 
2.60898 
0.55033 
2.14594 
2.96136 
1.07899 
0.59657 
2.53030 
1.75420 
1.70413 
2.41908 
3.03899 
2.63769 
0.74377 
2.35195 
0.82660 
1.13825 
5.22086 
1.04418 
1.89076 
1.48210 
2.71682 
1.22027 
1.57056 
9.44790 
2.08552 
1.46504 
0.75542 
1.50981 
1.94908 
0.85337 
1.16815 
1.66278 
2.73542 
0.64619 
1.39382 
1.48251 
1.71190 
0.97858 
4.13725 
0.77372 
1.80835 
3.55067 
1.26369 
3.51047 
1.31489 
1.83301 
2.68323 
4.39157 
1.07899 
0.54246 
1.22426 
4.09010 
0.56220 
2.22684 
2.56621 
1.39549 
0.17424 
1.44265 
0.54091 
1.24885 
2.96560 
4.73612 
2.80134 
0.66461 
2.09493 
1.04026 
1.14594 
1.34954 
2.32937 
0.83942 
1.14026 
0.46900 
1.32182 
1.00463 
0.87192 
1.29594 
2.63263 
2.80725 
1.39099 
1.94289 
1.65337 
2.16179 
5.55943 
2.08625 
2.83411 
1.10133 
2.15011 
0.83190 
2.11744 
0.26674 
0.62655 
1.39368 
5.33274 
1.38625 
2.81335 
1.59975 
1.68600 
0.62489 
1.26968 
1.97005 
0.79979 
0.93389 
2.24844 
2.63051 
1.72868 
2.04372 
1.01505 
0.24598 
1.82047 
1.58201 
1.61693 
1.47297 
1.78771 
1.45585 
2.28900 
2.04472 
1.62163 
3.78718 
1.83026 
2.22016 
2.43871 
2.83626 
2.19867 
1.54217 
1.14950 
3.59348 
0.78829 
3.77314 
0.77909 
2.01291 
1.53100 
1.80787 
0.93093 
2.77602 
1.03282 
0.99413 
1.90677 
1.15430 
4.14165 
2.08194 
1.74817 
1.85143 
3.08511 
1.74365 
2.08560 
2.00847 
3.09575 
2.28600 
1.47975 
2.13981 
1.49019 
2.27536 
1.61197 
1.48639 
0.42444 
1.17587 
1.67046 
1.74399 
2.40087 
1.85181 
1.33841 
1.73300 
1.33151 
1.84546 
2.78157 
0.90295 
0.45110 
1.49174 
2.74476 
1.39221 
0.51000 
2.14238 
0.79678 
0.80347 
0.79337 
1.12347 
3.05574 
1.71468 
1.04192 
2.85638 
0.88149 
0.36466 
2.17542 
1.30838 
2.48162 
3.13864 
2.45591 
1.84663 
0.87648 
1.27372 
0.85642 
1.12502 
4.98562 
2.42306 
0.93828 
2.01855 
1.16464 
5.14345 
2.19373 
0.56671 
1.60484 
1.84034 
0.64394 
1.95932 
2.14507 
1.76480 
3.74733 
1.25810 
1.15034 
0.35085 
3.27629 
1.90207 
1.40049 
2.02988 
2.44022 
3.02623 
0.64919 
0.67428 
1.22325 
0.94994 
3.04025 
4.34637 
1.30867 
1.68536 
2.41211 
1.00573 
1.36842 
2.09013 
1.35068 
2.25669 
1.40134 
1.96387 
1.66139 
0.76886 
3.67408 
0.34449 
2.09476 
1.34395 
1.58674 
4.33087 
1.94523 
1.72222 
2.51618 
2.56205 
3.02466 
1.28691 
0.71599 
1.66601 
5.48911 
0.94801 
1.69020 
1.34084 
0.57462 
1.98417 
0.87016 
1.36657 
1.43437 
1.66791 
1.14157 
2.14406 
2.44593 
2.20373 
4.81039 
2.74060 
1.18456 
0.58014 
2.11437 
1.78268 
2.71847 
1.58925 
3.14901 
0.63918 
1.82673 
1.50434 
2.01823 
1.18618 
0.79895 
1.08464 
1.41400 
2.62352 
1.49379 
1.58306 
0.64311 
1.07476 
2.24031 
2.31353 
0.62617 
1.96492 
2.18749 
2.80469 
2.67829 
2.47090 
2.42598 
0.74645 
1.95698 
1.25359 
1.32911 
1.18527 
1.01917 
2.02003 
0.93093 
1.57881 
0.84480 
6.17835 
1.36315 
3.02745 
4.36456 
2.31378 
1.59895 
0.41677 
0.53461 
1.05834 
0.99208 
2.84557 
1.37972 
1.95715 
1.32980 
1.63796 
2.09719 
1.14392 
2.39822 
1.62561 
1.36657 
1.13979 
0.83937 
6.13818 
1.77542 
1.10999 
1.74222 
2.27808 
0.83966 
1.38968 
1.29741 
2.04372 
0.61326 
0.96637 
3.21695 
3.10142 
0.88488 
1.08559 
1.89733 
1.13979 
0.28783 
2.74388 
1.83045 
3.20462 
3.67049 
0.84342 
1.57733 
1.28071 
1.01942 
1.92375 
1.62173 
2.49663 
0.55608 
0.84147 
0.53988 
1.14373 
1.70279 
5.16322 
2.51455 
1.82202 
1.58103 
1.27442 
1.74577 
3.94173 
2.21750 
3.64753 
1.90573 
1.37683 
1.11923 
2.08223 
0.72200 
0.72227 
2.49423 
5.17734 
2.28122 
1.01195 
3.02572 
1.19906 
0.94669 
1.33562 
0.90232 
1.47866 
0.69870 
1.23329 
1.14170 
1.06105 
0.93707 
0.90185 
0.94943 
1.36160 
1.70343 
1.49560 
1.45315 
1.66219 
1.64702 
3.65157 
3.19459 
1.14346 
3.69519 
1.35092 
1.50131 
4.82275 
1.39015 
1.69938 
1.33991 
2.66983 
2.05142 
1.10376 
0.66461 
1.95310 
3.16743 
1.37584 
0.77138 
2.39446 
1.12377 
1.01642 
2.12240 
1.58621 
0.69852 
1.26751 
1.09297 
0.31656 
5.82472 
2.95182 
1.65337 
3.80243 
2.15214 
0.97018 
0.61444 
1.72563 
0.71693 
0.74255 
0.87148 
0.96460 
1.97693 
2.18254 
3.82522 
0.67255 
1.14080 
2.51014 
2.11576 
2.85638 
1.55681 
0.26169 
1.13969 
3.38675 
1.95366 
1.43992 
3.14065 
1.65936 
1.63829 
1.15418 
1.62506 
1.24748 
0.91943 
3.49694 
1.29012 
3.43108 
1.27644 
1.89887 
0.77740 
3.68443 
0.72466 
4.24755 
1.26949 
5.50581 
0.92011 
1.15088 
0.93243 
1.63703 
5.46221 
2.03437 
0.81540 
2.01803 
2.06437 
1.93206 
1.57910 
1.80910 
0.25327 
1.11055 
2.02028 
1.20336 
1.21655 
2.23082 
2.25037 
2.92268 
0.89534 
1.51657 
0.64311 
3.65157 
2.12452 
1.60192 
1.14446 
1.50970 
1.69760 
0.74449 
1.23061 
6.84988 
2.16684 
1.36583 
2.51014 
1.13672 
1.02720 
1.48428 
1.48504 
0.69038 
0.10178 
1.09714 
1.07073 
0.74522 
1.62798 
1.86869 
1.15453 
0.60097 
1.64375 
1.07099 
1.65631 
1.33492 
2.33426 
3.28557 
4.16971 
2.05995 
1.83873 
1.95986 
1.19493 
0.95868 
1.76245 
2.09275 
1.67648 
1.02389 
0.94361 
1.50366 
6.76138 
0.53367 
1.49979 
2.03696 
2.57391 
0.68956 
0.38334 
2.78636 
2.39520 
2.30875 
1.95862 
0.66883 
2.42249 
5.42662 
1.97366 
1.19727 
2.36903 
3.44193 
1.83586 
1.31550 
2.80067 
3.41504 
0.70525 
2.72548 
2.49021 
2.19815 
2.26438 
1.41400 
1.25646 
3.84282 
1.48795 
0.87812 
1.68200 
1.07296 
1.05052 
1.99987 
1.05003 
0.51910 
2.01933 
1.48883 
1.00603 
1.34954 
0.83718 
2.58816 
1.12848 
0.71089 
2.15924 
1.54342 
1.33748 
0.63479 
0.57200 
2.94261 
1.18112 
1.27663 
1.11515 
3.36846 
1.59926 
1.50719 
1.95628 
2.38322 
4.30401 
1.83831 
0.59300 
2.54618 
1.98693 
1.70422 
3.35644 
1.52465 
2.33815 
1.49707 
1.16935 
3.14178 
1.18324 
1.43175 
2.70938 
2.62678 
1.87400 
3.94309 
1.47679 
1.24645 
1.59409 
1.19086 
2.07027 
1.82123 
1.10391 
1.91488 
0.97308 
3.32345 
0.70675 
2.70020 
2.27287 
0.84480 
2.09979 
2.65224 
1.28406 
1.45927 
3.03178 
2.22069 
1.54217 
1.58268 
0.73631 
1.00730 
1.35094 
2.40544 
0.97901 
4.45748 
1.13106 
2.04390 
2.11651 
1.64743 
1.48271 
1.95943 
1.62266 
1.14594 
0.26858 
3.14368 
1.50432 
1.01198 
1.94339 
0.68758 
1.48003 
3.68582 
2.16085 
2.76084 
1.74751 
2.77495 
1.53445 
1.38301 
3.82801 
1.89305 
2.32912 
1.69096 
1.23351 
1.51041 
1.49294 
0.56537 
3.71122 
1.19635 
1.20877 
0.56671 
1.10926 
0.92354 
0.68878 
0.37532 
2.82287 
1.83752 
2.03914 
2.87904 
2.52291 
2.25348 
0.07334 
1.25401 
2.99548 
2.30737 
1.88055 
1.38284 
0.33557 
0.91171 
2.02804 
0.57138 
0.87350 
1.40762 
0.40871 
1.37919 
0.69812 
0.60408 
0.91780 
0.69227 
1.98682 
2.47074 
1.65067 
1.59845 
2.86846 
0.56537 
3.23759 
1.62687 
3.43026 
1.09737 
3.24152 
0.48403 
1.36582 
0.99812 
1.78666 
0.92085 
0.55437 
3.97852 
2.83151 
0.65214 
1.31217 
0.55090 
2.19071 
2.75616 
2.30233 
2.91808 
1.21867 
0.84733 
0.92183 
1.77613 
3.05342 
0.87062 
1.96189 
2.33607 
1.02461 
0.78598 
3.21989 
3.20251 
1.68568 
4.08453 
2.34506 
1.20768 
0.80401 
1.54684 
0.78870 
2.96560 
1.61435 
1.92375 
1.72914 
1.71452 
2.57247 
2.29559 
2.31156 
2.69918 
1.95575 
1.14660 
4.52038 
1.50053 
2.89862 
2.26473 
0.92183 
1.13904 
3.26035 
1.32351 
3.17500 
0.72441 
0.86693 
1.16237 
1.19530 
2.04671 
0.76148 
1.47929 
0.79702 
0.77066 
1.63868 
0.34416 
1.58713 
1.22683 
2.88033 
2.06414 
1.02187 
0.59175 
0.76691 
2.55619 
0.57343 
1.89889 
0.48548 
0.71926 
0.95067 
0.85267 
1.97183 
1.68575 
4.13695 
0.47048 
2.12745 
1.46906 
1.82940 
0.92636 
2.30609 
2.51629 
1.99174 
1.32423 
2.10729 
2.70175 
1.28945 
2.73792 
1.77087 
1.09707 
1.30702 
1.45005 
1.06992 
0.86317 
0.62136 
0.59605 
0.52497 
1.26910 
2.50425 
0.79795 
3.03899 
1.81333 
1.01148 
1.41769 
0.62433 
2.23682 
2.35932 
1.15784 
0.71360 
1.33425 
2.48703 
3.40815 
2.21631 
3.29126 
1.54799 
4.18624 
2.07975 
2.24047 
1.41488 
1.11145 
1.48087 
3.21653 
0.96318 
1.37876 
2.98662 
1.94307 
1.20336 
1.80150 
2.32234 
0.37263 
3.02691 
2.12706 
6.14636 
0.83718 
3.63853 
3.02025 
1.40998 
2.23179 
1.91309 
1.43658 
1.77039 
3.27007 
2.95458 
1.66863 
5.01982 
2.66774 
1.01118 
1.77234 
3.85123 
1.98817 
3.02857 
2.49147 
1.21763 
2.19610 
1.73158 
1.68263 
2.57120 
2.18384 
1.25423 
0.83696 
1.86284 
3.56075 
0.91185 
2.35348 
0.96150 
0.67257 
1.54157 
2.30107 
2.51127 
1.53442 
1.43496 
0.62577 
4.16918 
0.54245 
2.37962 
1.56452 
1.04903 
2.31156 
5.32129 
3.36966 
6.48554 
1.76527 
2.22849 
1.99488 
2.23682 
2.40377 
1.55809 
0.87476 
3.19141 
1.27581 
1.72592 
2.97723 
3.38076 
1.37919 
1.34927 
3.31811 
2.69120 
1.31957 
1.73199 
0.79678 
1.81751 
0.81397 
2.27808 
1.81921 
1.30814 
2.25238 
2.31676 
0.70386 
0.15285 
1.50970 
1.79711 
0.88043 
0.71360 
1.31223 
0.51737 
2.51490 
0.89083 
1.36435 
2.03952 
0.64837 
1.28848 
3.49878 
0.08230 
1.23351 
1.68464 
2.83185 
2.35592 
1.92675 
1.24559 
3.71210 
1.96326 
0.65424 
2.22849 
3.94664 
3.55067 
1.44170 
1.76592 
1.44261 
2.20373 
3.93190 
2.34239 
3.54050 
1.21449 
0.77588 
4.91730 
1.90216 
0.60201 
1.34321 
0.32078 
2.38308 
2.72167 
2.80447 
1.57458 
1.04268 
1.53182 
1.30273 
0.61082 
1.44341 
3.55444 
1.79164 
0.82934 
2.35972 
1.19949 
0.55084 
1.13843 
1.67436 
2.47402 
2.15879 
1.54635 
1.12346 
2.89676 
1.92419 
2.23825 
0.86041 
0.93979 
3.07138 
1.77266 
1.98320 
1.46293 
1.98971 
1.59674 
6.31517 
0.71592 
2.11557 
0.46535 
0.49633 
1.04660 
2.09443 
0.73371 
3.92750 
0.53366 
1.42638 
1.45154 
2.12218 
3.28748 
1.53364 
1.27087 
2.75585 
1.24237 
1.84546 
1.64624 
1.32890 
0.94801 
1.14118 
1.23935 
0.58744 
1.83153 
0.98595 
3.47192 
1.22650 
2.91808 
0.67634 
1.59777 
1.32470 
0.78829 
1.35552 
2.26352 
1.23061 
0.56237 
3.57766 
1.44813 
2.58046 
0.81047 
1.56023 
1.25571 
2.64297 
1.44170 
3.53069 
0.49976 
0.45160 
1.36470 
1.53313 
0.93184 
2.10105 
2.51798 
2.30058 
0.40871 
1.72055 
2.89415 
2.02092 
1.39549 
3.04107 
1.39638 
1.75812 
2.08650 
1.53364 
1.00349 
1.13187 
0.60512 
1.76044 
1.77018 
1.01148 
1.58161 
6.23269 
0.71551 
0.38498 
1.14308 
1.21629 
1.81374 
1.09412 
1.39151 
1.80133 
0.85513 
2.30212 
1.28554 
2.09453 
0.95036 
2.04612 
1.42774 
1.53681 
1.23114 
1.67317 
5.09077 
0.30140 
0.96876 
2.59311 
1.86898 
0.75143 
1.73819 
1.53774 
6.97119 
0.89436 
2.80103 
2.64403 
2.22141 
2.61278 
1.37621 
0.53304 
1.61076 
3.04850 
1.96863 
0.63204 
2.07168 
1.36379 
0.65001 
1.65063 
2.27772 
1.54387 
1.76984 
1.38348 
2.03624 
1.38409 
3.35541 
2.25292 
2.22416 
1.51755 
1.22974 
4.04319 
0.71138 
0.73976 
0.64701 
1.64031 
1.47981 
5.66339 
0.61347 
3.28748 
1.76592 
3.92453 
0.49517 
9.30496 
1.38246 
1.53295 
1.97322 
1.13446 
1.28163 
1.55160 
0.83966 
0.69682 
1.09610 
0.46118 
0.74666 
2.29980 
3.10245 
1.10696 
2.51696 
0.90525 
4.89157 
0.88887 
0.30420 
1.14397 
0.42083 
1.18906 
1.76955 
0.79603 
5.89560 
1.64510 
1.48118 
1.51753 
2.26776 
1.05589 
1.48590 
0.64346 
1.53370 
2.26679 
1.89139 
1.35804 
0.46962 
3.78574 
3.59226 
0.48653 
2.93989 
2.24895 
5.09369 
1.60337 
2.40926 
2.96360 
2.15485 
1.25712 
0.35960 
2.11332 
1.32399 
2.16744 
1.26994 
4.88438 
2.01318 
3.50820 
2.59150 
3.55276 
2.98333 
1.07506 
2.96050 
1.65793 
2.39405 
1.92675 
2.83556 
1.58798 
10.19289 
0.73670 
3.77314 
2.40244 
1.09829 
2.08451 
1.48910 
3.15776 
3.97650 
0.61769 
3.24226 
1.01565 
1.35630 
0.69096 
3.21975 
2.55249 
1.93122 
2.05869 
2.19846 
3.46269 
1.38403 
1.23866 
3.35434 
0.97092 
1.46508 
1.97383 
0.55244 
2.45033 
3.89952 
1.09823 
1.89298 
2.31637 
0.59491 
1.68540 
6.48500 
0.34675 
1.97657 
2.25448 
3.10410 
3.09663 
1.88765 
1.32228 
2.57498 
2.50560 
1.44116 
1.60346 
1.60618 
1.22486 
3.18738 
0.84246 
2.27772 
2.12542 
1.36498 
2.02191 
0.93263 
1.75938 
1.61755 
0.99146 
0.40562 
2.29281 
1.59654 
1.85181 
2.33638 
0.90023 
2.16336 
0.20734 
1.16440 
3.02972 
2.05953 
0.91185 
0.98664 
1.91830 
5.17330 
2.83117 
1.80814 
2.41735 
0.52281 
1.83026 
2.26232 
4.76615 
1.27537 
0.90821 
1.26522 
0.80118 
2.62198 
0.91229 
0.85792 
1.03976 
1.92998 
3.18245 
0.28817 
1.09383 
1.07832 
2.35280 
1.24022 
1.25912 
3.93162 
1.58321 
1.45005 
3.05449 
0.50876 
1.68326 
1.64337 
1.34412 
4.28235 
1.48327 
1.83073 
1.83200 
1.01654 
5.82808 
2.87725 
2.01175 
1.83651 
3.88267 
0.70909 
1.00630 
1.38560 
1.78796 
1.14157 
1.35804 
0.86473 
1.57056 
1.57930 
0.85669 
1.87097 
2.15006 
2.40578 
2.50776 
0.98307 
1.83924 
1.74308 
0.77840 
1.04547 
0.25352 
0.88623 
0.70420 
1.54912 
2.69532 
1.59044 
3.50973 
1.64124 
0.90300 
1.73069 
1.42522 
0.72227 
1.48039 
2.07588 
0.85430 
1.91993 
2.56164 
0.82186 
1.46504 
1.52479 
1.44464 
1.13018 
3.07744 
2.05367 
1.38563 
2.43003 
3.41433 
0.43364 
1.05834 
1.50949 
2.68079 
1.07688 
0.41257 
0.46651 
2.30107 
0.67843 
2.79814 
1.89938 
1.63901 
0.71164 
0.76181 
3.56178 
2.36433 
2.72199 
3.28037 
2.07077 
2.66814 
1.04348 
3.23728 
1.96720 
1.00471 
0.53041 
1.11437 
0.64947 
1.68700 
1.67203 
1.58200 
5.60530 
1.17562 
2.10414 
2.32265 
1.96232 
2.39077 
0.69570 
1.43395 
1.26847 
2.71682 
0.26697 
1.23676 
2.87855 
3.93190 
3.96730 
1.45110 
1.90456 
2.68120 
2.25835 
1.35439 
0.87786 
2.13580 
1.10099 
3.35782 
2.22613 
