0.92138 
0.86143 
1.10268 
0.72234 
0.85991 
1.51976 
3.36261 
1.65123 
0.62577 
1.66278 
2.37514 
1.48504 
0.48001 
0.97688 
1.42400 
0.93244 
0.34367 
0.74377 
1.24825 
0.98087 
1.24108 
0.77379 
0.82535 
2.68120 
2.38308 
0.83942 
1.95788 
2.19867 
1.06538 
1.03103 
1.95477 
1.01236 
1.39018 
1.63901 
1.62561 
2.07334 
0.25812 
0.88202 
1.23935 
1.85025 
0.28817 
1.59395 
0.59854 
1.37722 
2.72764 
2.74878 
1.99723 
0.47620 
1.33933 
0.61347 
1.05449 
0.62617 
0.57944 
0.43289 
1.02461 
0.45460 
0.66913 
1.87185 
1.12933 
0.70498 
0.47566 
0.72460 
1.28136 
0.87783 
0.77318 
0.97918 
2.18957 
1.76397 
2.21799 
0.46018 
1.08139 
1.18178 
0.99436 
1.77039 
1.85315 
2.19867 
1.34084 
4.71638 
0.82496 
0.86255 
1.79712 
1.16263 
1.66834 
1.71773 
0.73899 
3.80419 
0.56832 
1.16487 
3.23330 
1.40134 
1.99564 
3.17160 
1.53748 
2.43288 
0.72925 
1.25982 
1.01914 
1.85565 
0.75713 
1.31228 
0.28824 
0.71868 
3.19436 
1.93935 
1.12958 
1.29988 
0.93177 
2.06049 
0.87033 
1.62561 
1.10228 
0.82634 
1.32261 
0.66075 
0.53345 
0.89823 
1.33104 
0.98711 
2.64892 
0.45185 
1.56787 
0.55033 
1.07899 
1.70413 
2.41908 
2.35195 
0.82660 
1.04418 
1.57056 
0.75542 
1.94908 
0.64619 
0.97858 
2.68323 
1.07899 
1.22426 
2.22684 
1.39549 
0.17424 
0.54091 
1.24885 
2.96560 
0.66461 
2.32937 
1.14026 
0.46900 
2.80725 
2.83411 
1.38625 
1.68600 
0.62489 
0.24598 
1.61693 
2.28900 
2.04472 
1.62163 
2.43871 
2.19867 
1.80787 
0.93093 
1.03282 
1.15430 
1.85143 
2.00847 
2.28600 
1.74399 
0.90295 
1.39221 
2.14238 
1.04192 
2.85638 
0.88149 
0.36466 
1.30838 
2.01855 
2.19373 
1.25810 
0.35085 
2.02988 
0.67428 
1.68536 
2.09013 
1.96387 
0.34449 
1.34395 
1.58674 
1.94523 
0.71599 
1.66601 
0.94801 
1.69020 
1.36657 
1.43437 
1.66791 
1.14157 
2.20373 
1.18456 
1.78268 
1.58925 
3.14901 
1.18618 
2.62352 
2.31353 
1.32911 
0.93093 
0.84480 
1.36315 
2.31378 
0.99208 
1.32980 
1.14392 
2.27808 
0.83966 
0.61326 
0.96637 
0.88488 
1.13979 
1.57733 
1.28071 
1.62173 
0.84147 
1.14373 
1.70279 
3.94173 
0.72200 
2.49423 
2.28122 
1.01195 
0.94669 
1.33562 
0.90232 
1.70343 
1.49560 
1.45315 
3.19459 
1.50131 
4.82275 
0.66461 
1.95310 
0.77138 
1.12377 
1.09297 
2.95182 
2.15214 
0.71693 
0.74255 
1.97693 
1.14080 
1.55681 
1.13969 
0.91943 
3.49694 
0.92011 
1.15088 
0.25327 
1.21655 
0.74449 
1.36583 
1.02720 
0.10178 
0.60097 
1.33492 
0.95868 
1.76245 
1.67648 
0.68956 
0.38334 
0.70525 
2.26438 
0.87812 
1.07296 
1.05052 
1.05003 
0.71089 
0.63479 
1.27663 
1.95628 
1.52465 
2.62678 
1.59409 
1.19086 
0.73631 
1.00730 
0.97901 
2.04390 
2.11651 
1.95943 
0.26858 
1.51041 
1.49294 
0.56537 
0.56671 
0.07334 
0.91171 
0.87350 
1.40762 
0.40871 
0.69812 
0.91780 
0.69227 
0.48403 
0.99812 
0.92085 
0.55437 
0.65214 
0.55090 
2.91808 
0.84733 
0.92183 
1.96189 
1.02461 
3.20251 
0.80401 
0.78870 
2.96560 
1.72914 
1.50053 
0.72441 
1.16237 
0.76148 
0.79702 
0.77066 
1.22683 
2.06414 
0.76691 
0.57343 
0.48548 
0.71926 
0.95067 
0.47048 
2.10729 
1.09707 
0.86317 
0.62136 
0.79795 
1.81333 
1.41769 
2.23682 
1.15784 
0.71360 
3.40815 
0.37263 
0.83718 
1.40998 
1.77039 
1.66863 
1.21763 
0.83696 
0.91185 
0.67257 
1.54157 
2.30107 
0.62577 
0.54245 
1.56452 
1.04903 
2.31156 
1.76527 
1.99488 
1.34927 
1.81751 
0.81397 
2.27808 
1.81921 
0.70386 
0.88043 
0.64837 
0.08230 
1.68464 
1.92675 
1.96326 
2.22849 
3.55067 
2.20373 
1.21449 
2.38308 
0.61082 
3.55444 
1.79164 
0.82934 
0.55084 
1.67436 
2.47402 
1.12346 
2.23825 
0.93979 
1.46293 
1.59674 
0.49633 
0.53366 
1.24237 
1.64624 
0.94801 
1.23935 
0.98595 
2.91808 
0.67634 
0.49976 
0.93184 
2.10105 
0.40871 
1.72055 
1.39549 
0.60512 
1.01148 
1.58161 
1.14308 
1.39151 
0.85513 
1.28554 
1.53681 
1.67317 
0.30140 
0.96876 
0.53304 
2.07168 
1.76984 
2.25292 
0.73976 
0.61347 
0.49517 
2.29980 
1.10696 
0.88887 
0.30420 
0.42083 
3.78574 
0.48653 
2.40926 
1.25712 
0.35960 
2.16744 
4.88438 
3.55276 
1.65793 
2.39405 
2.08451 
2.55249 
1.93122 
2.05869 
0.97092 
0.59491 
0.34675 
1.97657 
0.99146 
0.40562 
0.90023 
2.16336 
0.20734 
2.05953 
0.91185 
0.98664 
1.27537 
0.80118 
0.91229 
0.85792 
1.03976 
0.28817 
1.83073 
1.01654 
1.78796 
1.14157 
1.35804 
1.57056 
1.74308 
1.64124 
1.73069 
1.91993 
1.38563 
3.41433 
0.41257 
0.46651 
2.30107 
0.67843 
1.63901 
0.76181 
3.56178 
2.07077 
1.04348 
0.53041 
1.11437 
1.17562 
2.10414 
1.26847 
1.90456 
2.68120 
